529120576079
68802443599
296022769723
76078076777
480616032991
176155659587
947873523473
238102333409
809589029573
387074784751
539604726779
598093564169
674774634013
164461865189
742573566139
946437590083
189977647973
969651060803
335768084011
43542721421
521818323277
109487160313
77308555579
502215835669
953951835449
881360033531
326120300057
998696358133
150856037201
918229898447
907423822973
255469808497
284989807147
708431345161
127564950109
375132077953
938185177889
489838585813
187227741697
377110285169
22442231561
67713898981
992888403103
207757234183
553277646401
505462879517
6298346317
737026920037
612341235019
673191060203
75848080019
780338794057
182873167391
22965334939
456780037817
439677694633
297941569183
601150028519
131647133369
129237542009
146759597471
968980043573
995062312589
220346730347
755456078477
236183743573
120319535443
638868181823
938928675871
679327900751
236312983061
173695907971
207160579151
455372788243
67432104059
592284781019
768805461143
241282709279
414928891031
970180077649
78471170027
757346844521
770112161699
750762287567
167076548603
305679248041
881555783161
820698394231
497842174363
934413592921
84414734689
888475070683
97653216743
421167197327
568284972193
542621728843
801072289697
101955089833
527360563963
850096844039
623017374769
687110232521
728898085957
614809673741
